0.3588709980184563
0.5471365918002363
0.48145078552361514
0.4542107653472421
0.4150251892457575
0.5939610072454594
0.29349768406978427
0.31343776980411847
0.3675129205116775
0.33681324943152524
0.41099704355937916
0.45139100335314103
0.7846134527455
0.6021648943456396
0.3633064225582121
0.5364799530114324
0.4257663778306878
0.6235705211526651
0.3908341965726294
0.3784169272420148
0.5308521039500079
0.5564028001416014
0.4902589539762805
0.39480762570787237
0.6315343644206387
0.3870170728217103
0.5751269855591779
0.45164137895141077
0.6010873006888836
0.3513179007535211
0.4316140932050151
0.47144301986068804
0.415077968228468
0.5801114408503927
0.6708768428962913
0.45657546260315474
0.42286691837705015
0.3992170976683754
0.29349768406978427
0.34454799005285824
0.5361744059190963
0.4655840223019558
0.3317923304678093
0.46184700422735475
0.48846752197527593
0.5032572558908036
0.3743117946348982
0.6048197186058643
0.5445361072388202
0.38553222973664
0.4723134305388289
0.4348423664883631
0.4962002835174333
0.42584803151419265
0.6712152223217315
0.3793479959097105
0.5460671720389579
0.42654426134792006
0.38986777468838874
0.41505876876911246
0.4421458956424584
0.3644287718347164
0.36034381508524926
0.38660953446841306
0.43321454807866383
0.3698011867150589
0.34886208094530663
0.48998143912142617
0.3440603593680074
0.45969361788979896
0.8154101143595293
0.4264314946227184
0.3812014828190562
0.5296920230058306
0.41794303278498923
0.41880398080681297
0.39027206841552264
0.39821358587048084
0.5211260320457359
0.3547216093832757
0.26739484175124706
0.3741706283386648
0.3991350950776851
0.46518219632399993
0.41083192647025657
0.6252485822643544
0.37126515238078645
0.47129959801730315
0.6708768428962913
0.39946175031323694
0.4447796712362741
0.4684200430000423
0.384661221222529
0.5354162156720479
0.569672584180223
0.3980251523284834
0.39499343949645177
0.3979706479346881
0.5782613597462057
0.6867427753511487
0.5315750816507737
0.6572703355499966
0.6182123861317378
0.6861695903791306
0.5787431835389515
0.406782173387075
0.406782173387075
0.5013675865442553
0.4546957253397564
0.7323054960598812
0.7772557082482485
0.517074023009719
0.42293789066789284
0.5155980140669447
0.4481806614027081
0.4875710275394908
0.6101857172676893
0.4734185218986677
0.5210606124962374
0.52083581001589
0.386051445550729
0.415077968228468
0.4445399033730462
0.583798474624414
0.3902073924075977
0.6195350565075116
0.3937308795249907
0.4263180763523403
0.5975504516830427
0.3629413484738411
0.4861544991848479
0.4548108396085292
0.49779101590020497
0.6342354217090377
0.7097880078871882
0.4983458140934398
0.46443783075904244
0.41437352568546565
0.38126294572115604
0.4830948876061047
0.830789165065192
0.7492467342660549
0.3908459682244103
0.4485406653488194
0.6532765593536456
0.5790926005706626
0.5202527505903771
0.41880398080681297
0.5461226569181625
0.4631068271522433
0.4058077578937708
0.5032001445107135
0.5155647784778851
0.4794370842737654
0.6443602003831194
0.44405089974773393
0.6014540208378085
0.33037218107477867
0.5143459339258666
0.432233120483087
0.4539639566900994
0.4645479706859865
0.5396797977579555
0.33915541210368383
0.5028611328955084
0.5421332631096991
0.6757516103886391
0.694042439211143
0.44857201787549633
0.5559606341675255
0.29869011776131443
0.6294047172965774
0.44201845007493057
0.33331803808297034
0.39934181682387
0.4550958142575155
0.4961836755650884
0.38799406554035976
0.45551093449947805
0.532150251230679
0.6266590727338865
0.4046737364939441
0.3674946179283993
0.5609995934709577
0.4656291576338194
0.37329581722165117
0.3481431257980115
0.38878023013271634
0.77869985151511
0.46331485486931007
0.5954900392545632
0.5657293239749883
0.48950278889332516
0.46541759433654445
0.45879123940168587
0.4813924714523929
0.3888596448189753
0.6229458729066273
0.353888819219369
0.4464955322406434
0.3588709980184563
0.5315750816507737
0.406782173387075
0.406782173387075
0.4546957253397564
0.42293789066789284
0.7846134527455
0.4257663778306878
0.4734185218986677
0.5801114408503927
0.3902073924075977
0.48846752197527593
0.5032572558908036
0.4548108396085292
0.49779101590020497
0.42584803151419265
0.36054754854380516
0.4136899527952751
0.4983458140934398
0.46443783075904244
0.44166307927147924
0.4438828312776976
0.544237173057874
0.41505876876911246
0.3829840316285282
0.4830948876061047
0.48998143912142617
0.4485406653488194
0.6061101261193135
0.6532765593536456
0.5790926005706626
0.3547216093832757
0.3741706283386648
0.6252485822643544
0.5155647784778851
0.6224965126429242
0.4447796712362741
0.6014540208378085
0.5143459339258666
0.5028611328955084
0.36587854570098133
0.4042823627181613
0.44250559034724035
0
0.6033224991768279
0.3660908610149991
0.694042439211143
0.5559606341675255
0.6294047172965774
0.39934181682387
0.42273094804216454
0.4961836755650884
0.38705422283613405
0.6266590727338865
0.4046737364939441
0.43451910634049123
0.3674946179283993
0.4656291576338194
0.3764079276556526
0.5484071643138553
0.48079063840006125
0.38878023013271634
0.6621080082497242
0.36162779469985135
0.4032971923219247
0.3866113695978528
0.35183516423576355
0.36518887973836645
0.6229458729066273
0.3957213213033622
0.4618841727321472
0.33792370508373515
0.30960036565231125
0.4168754018809887
0.501664756513194
0.3791795204117132
0.3318260571408684
0.5578046476172671
0.4820179035528586
0.3680586143235545
0.4779348237753836
0.3980251888445488
0.3990266977412214
0.41041749147593154
0.4254395735774485
0.456213051891012
0.49790167220803067
0.32914654672397486
0.39421376262734825
0.48795393693582045
1.0152990920939804
0.4778049627736086
0.41141859283038457
0.4151567399321308
0.3573919862462938
0.330753897981307
0.6956534691157749
0.45586195881357716
0.38328958961670334
0.34423168377445845
0.6572703355499966
0.5787431835389515
0.7772557082482485
0.5155980140669447
0.6235705211526651
0.6101857172676893
0.3908341965726294
0.39480762570787237
0.3870170728217103
0.3551238693836872
0.3513179007535211
0.4316140932050151
0.6616833216494103
0.583798474624414
0.4655840223019558
0.6195350565075116
0.3937308795249907
0.4072602007093593
0.43177638043499755
0.5975504516830427
0.3629413484738411
0.6048197186058643
0.5445361072388202
0.38553222973664
0.4723134305388289
0.4348423664883631
0.4962002835174333
0.331346182271116
0.6342354217090377
0.7097880078871882
0.4983458140934398
0.46443783075904244
0.3644287718347164
0.3440603593680074
0.45969361788979896
0.4264314946227184
0.39027206841552264
0.46518219632399993
0.5285353807426579
0.5032001445107135
0.6224965126429242
0.4860955865108949
0.3979706479346881
0.4784981925122392
0.4516103199552058
0.4983965600048953
0.4458284233380975
0.4362249444992619
0.41509177058142505
0.41149973523443767
0.5510221407472456
0.46201634534010816
0.5126842458131585
0.592851414669047
0.4194149623627232
0.548236815652167
0.3612540346759209
0.3802795267985233
0.44201845007493057
0.45112378820134863
0.5693848461018155
0.45149099008173393
0.4204540926136299
0.41456391715661745
0.41563264574202563
0.4823718010884628
0.34040519856945717
0.5587966666967018
0.3504949792293198
0.46331485486931007
0.5954900392545632
0.48950278889332516
0.5115399895323833
0.46541759433654445
0.29468268846081397
0.3888596448189753
0.38897794513566186
0.47490656365305595
0.353888819219369
0.4464955322406434
0.39362344422372747
0.4771315046593612
0.5724729201580525
0.4571152371276831
0.45660152544957067
0.4458165924252771
0.42195698165299605
0.5057243662412756
0.450960448030731
0.44148361660429164
0.36395056097460426
0.3715722819779217
0.4433250235235744
0.5295413439450488
0.5964249646509553
0.6344796989806926
0.4536180870697451
0.5611654218843968
0.394193284849013
0.3029387002105281
0.33746392448665147
0.5377497527416074
0.7113124673355027
0.406782173387075
0.406782173387075
0.4055404168730702
0.4875710275394908
0.5564028001416014
1.0967246819192047
0.5170992572601036
0.3551238693836872
0.47144301986068804
0.386051445550729
0.48289188221626755
0.6616833216494103
0.6128697131670264
0.43177638043499755
0.41505876876911246
0.4421458956424584
0.4830948876061047
0.830789165065192
0.7492467342660549
0.62303314809547
0.8154101143595293
0.6061101261193135
0.5296920230058306
0.5298584187447596
0.4631068271522433
0.4058077578937708
0.6421108895791875
0.5285353807426579
0.5032001445107135
0.5789495709470286
0.5965769250407469
0.6224965126429242
0.4447796712362741
0.6443602003831194
0.4860955865108949
0.44405089974773393
0.5067987627989713
0.4983965600048953
0.6847975476400099
0.6553749630295828
0.46799762266378814
0.6421108895791875
0.5510221407472456
0.5126842458131585
0.6294850943983948
0.5641743668054657
0.4194149623627232
0.49883061916420635
0.5950123697350409
0.548236815652167
0.6033224991768279
0.3660908610149991
0.525736354414249
0.5267932452771832
0.4099584086681412
0.45112378820134863
0.42273094804216454
0.64157095050839
0.4156408395410616
0.38799406554035976
0.45551093449947805
0.6266590727338865
0.5202343249343365
0.37408993772199356
0.5484071643138553
0.365272661506004
0.5587966666967018
0.3825664082831545
0.3504949792293198
0.4366750084204616
0.5139324636085701
0.5103215589657999
0.29468268846081397
0.38897794513566186
0.579223779634778
0.675713996887976
0.5001532241593664
0.33792370508373515
0.5485499978272076
0
0.4458165924252771
0.4027593877855946
0.49155414258905333
0.47766449641418535
0.4985365016019017
0.39749531869470217
0.43084170027369306
0.3619811193824202
0.6385151039851051
0.5113040041837575
0.5964249646509553
0.574331416422925
0.45024149792375107
0.6559949584966417
0.48975743969433067
0.454311513144165
0.5481731542718248
0.4542107653472421
0.4150251892457575
0.5939610072454594
0.4734185218986677
0.5751269855591779
0.45657546260315474
0.3317923304678093
0.43173875501375836
0.5653023170339595
0.3698011867150589
0.48998143912142617
0.3908459682244103
0.39821358587048084
0.3547216093832757
0.3991350950776851
0.6252485822643544
0.5155647784778851
0.4447796712362741
0.4684200430000423
0.6396965940849597
0.5193958606732416
0.36587854570098133
0.4042823627181613
0.44250559034724035
0.46201634534010816
0.4194149623627232
0.4291613777052364
0.6294047172965774
0.3881992496196768
0.33832935912584405
0.4823718010884628
0.469374719081882
0.38878023013271634
0.36928364071977254
0.49706722277249044
0.3825664082831545
0.4817035830875456
0.32878593528408934
0.48519503157969196
0.4618841727321472
0.37813784706969755
0.4168754018809887
0
0.4949979844727363
0.39613998656035326
0.3680586143235545
0.49264856424117204
0.3990266977412214
0.3619811193824202
0.41041749147593154
0.4254395735774485
0.4433250235235744
0.4898295640607339
0.41141859283038457
0.35711855117361074
0.3573919862462938
0.330753897981307
0.46109121138328774
0.49831472370874075
0.6997884535771173
0.42337958847956136
0.33896782685835203
0.5264628247543548
0.3855011107588926
0.4616066737466743
0.5889705565587936
0.38520581809766474
0.4274819440800253
0.3621343548383195
0.4168533012902348
0.3864437432633686
0.484545156763832
0.5962736060997196
0.4790595350761712
0.3914422841142275
0.33723781496956967
0.47897784922337155
0.5486022421995146
0.34793827107768055
0.47157276491894523
0.629081328515696
0.43643609250408466
0.6550924680145445
0.4933509309357769
0.36400991593520926
0.47872434206546943
0.4359535639614117
0.4196314498158066
0.42769655048320776
0.35275232035772647
0.4636589253061765
0.3663779247739862
0.44626663447605114
0.40485107107096835
0.535274221220669
0.3971335390545739
0.38486162571381116
0.5581246459899722
0.44724621592848196
0.3872336746864872
0.4534291854446868
0.5309914130541115
0.5228031624452444
0.5894029358229798
0.7669080364382473
0.4245078706416516
0.5358359545486882
0.40411718042441946
0.405457770890673
0.3675167771419426
0.571570132854479
0.49165443695209937
0.6427544330004322
0.331346182271116
0.3573237970564644
0.6712152223217315
0.36054754854380516
0.4301127209166964
0.4511765862128461
0.46790986965583886
0.3812014828190562
0.42939927935790806
0.404333576922457
0.5202527505903771
0.3867528637295115
0.6171828787890274
0.36223778038442933
0.4575176292127805
0.4897236373660146
0.4794370842737654
0.33037218107477867
0.269575246116599
0.4362249444992619
0.41775839296539546
0.41509177058142505
0.4554126963171637
0.6294850943983948
0.44857201787549633
0.42355518400802894
0.29869011776131443
0.31151482415042364
0.4420321248906412
0.30163703970688266
0.42262937338392437
0.362048631978669
0.3481431257980115
0.36331597380088027
0.48950278889332516
0.5309202802822504
0.3957213213033622
0.4917875138066048
0.353888819219369
0.36305168103684426
0.4619058359745132
0.37451120435175667
0.4520498859537536
0.4020599411401837
0.48865434525145973
0.4371049631077475
0.5174775934883189
0.3913025687620729
0.43462328901087316
0.4258315425566543
0.4685792990251696
0
0.49790167220803067
0.32914654672397486
0.48735258917070245
0.3573140560976973
0.4208524923648239
0.4017537357968464
0.48975743969433067
0.3003379357400099
0.29630427930073455
0.3482431536864613
0.4778049627736086
0.37125050729555853
0.3972729644830161
0.4663330033256253
0.36254489162810255
0.35994603450512846
0.4504271680432919
0.3377395428886253
0.394832449880394
0.35846087609424937
0.3425001197499042
0.40447314704752074
0.4089808835117408
0.3445642414671257
0.3709326296465382
0.4306096409392103
0.41910309445541555
0.4248675146395269
0.34162223229682714
0.5853410126187066
0.4752897221364865
0.31200102840837024
0.443170937473825
0.4037253487201002
0.3718511888364312
0.48145078552361514
0.6101857172676893
0.3908341965726294
0.3870170728217103
0.4348423664883631
0.3793479959097105
0.5460671720389579
0.3908459682244103
0.4645479706859865
0.3580638397368825
0.42992829901332547
0.42729888511697295
0.3612540346759209
0.5693848461018155
0.4550958142575155
0.3881992496196768
0.4961836755650884
0.4204540926136299
0.532150251230679
0.4823718010884628
0.36928364071977254
0.49706722277249044
0.32878593528408934
0.4297029727705404
0.4949979844727363
0.39613998656035326
0.5947315652621035
0.49264856424117204
0.3990266977412214
0.5302844241327428
0.41041749147593154
0.4433250235235744
0.4006296777169315
0.39421376262734825
0.6559949584966417
0.5611654218843968
0.547253396942234
0.44988905045694777
0.5054122543681443
0.49831472370874075
0.5293947244259865
0.35846087609424937
0.6997884535771173
0.42337958847956136
0.33896782685835203
0.5450618929522573
0.30749110838238597
0.5889705565587936
0.4274819440800253
0.4168533012902348
0.4463101713752472
0.4275214570736428
0.5962736060997196
0.34839237798611683
0.4790595350761712
0.34793827107768055
0.4713101831643187
0.4098717081582696
0.4192748219534583
0.36400991593520926
0.47872434206546943
0.4196314498158066
0.4301784427152577
0.42769655048320776
0.4636589253061765
0.3689679870286344
0.5158079066514731
0.44626663447605114
0.47128252242360363
0.5855753236388633
0.45688745747950055
0.41243890543684936
0.535274221220669
0.4334700850168532
0.5581246459899722
0.504274384127052
0.44724621592848196
0.37997690580483817
0.5137596336642795
0.7493629262071565
0.41696763806598164
0.40569981741137323
0.4130356418991257
0.40263084878951394
0.44518395566855185
0.42258710868906657
0.40587052768397136
0.6647995856699451
0.6167868978311002
0.40156490645397
0.42839025194749575
0.40782523719498
0.3970291182457842
0.4810645915631283
0.4100747313234272
0.4317037070688688
0.5558367811995228
0.3966385206683098
0.44033254381291814
0.524329696080206
0.5410189049677584
0.6114938484871651
0.5868514894551647
0.5225179996564114
0.5478340428701268
0.5886358737682881
0.5883832665935308
0.5726660507378586
0.5554161906493936
0.5283552986597376
0.41102481274735064
0.584479686892736
0.5007345677638875
0.5372893108635723
0.5062968525206208
0.6432732018107179
0.6447229699203761
0.4835266007146214
0.6303162313092907
0.5045393420923666
0.5705779408123255
0.4636695245838715
0.5316728694013162
0.6289405614559462
0.675161690563991
0.6596373288354619
0.5356621692866955
0.5686436283836845
0.53791352776971
0.6484030866026327
0.5656887754251472
0.5388727431028093
0.5568202681087312
0.612703081617269
0.44390225876652056
0.530730029920146
0.5998138334775944
0.6051592993545054
0.6068773543325693
0.4475866155907235
0.6173010283861573
0.5287989697720252
0.5014049822402629
0.6224900593582796
0.5294889302107727
0.5894029358229798
0.7669080364382473
0.354778649828963
0.42871058932674366
0.4245078706416516
0.41697506383633326
0.40411718042441946
0.405457770890673
0.49165443695209937
0.6427544330004322
0.4548108396085292
0.49779101590020497
0.6712152223217315
0.36054754854380516
0.46790986965583886
0.3812014828190562
0.42939927935790806
0.404333576922457
0.6171828787890274
0.4860955865108949
0.33037218107477867
0.432233120483087
0.269575246116599
0.4458284233380975
0.4362249444992619
0.6294850943983948
0.31151482415042364
0.4420321248906412
0.5129279256395353
0.30163703970688266
0.3674946179283993
0.3481431257980115
0.36331597380088027
0.3888596448189753
0.4917875138066048
0.353888819219369
0.36305168103684426
0.4619058359745132
0.37451120435175667
0.5724729201580525
0.48865434525145973
0.4258315425566543
0.4685792990251696
0
0.32914654672397486
0.48735258917070245
0.3573140560976973
0.48975743969433067
0.3570176900680602
0.3003379357400099
0.29630427930073455
0.4778049627736086
0.37125050729555853
0.3972729644830161
0.4663330033256253
0.36254489162810255
0.35994603450512846
0.34423168377445845
0.3377395428886253
0.43186057457283905
0.35846087609424937
0.3425001197499042
0.40554281026606187
0.3445642414671257
0.3709326296465382
0.4306096409392103
0.41910309445541555
0.4248675146395269
0.34162223229682714
0.4939570408270866
0.4752897221364865
0.443170937473825
0.4037253487201002
0.3761517488764354
0.47927588629752244
0.3301132256739141
0.33542821069584755
0.3962282321764954
0.427944386569364
0.3510434563050939
0.4686194183070581
0.3310966695817082
0.32541879706255583
0.42996367425476356
0.4767322589942052
0.454745076642284
0.5419311475111842
0.4475939189867889
0.3177376550166426
0.4230947409723164
0.5497188175834185
0.428311629828597
0.4536633236462335
0.38523555004359
0.4840972499346388
0.4419450698321529
0.38017294710041544
0.41366032368366
0.4775539331243773
0.6404356714445895
0.4534291854446868
0.4072602007093593
0.43177638043499755
0.5309914130541115
0.5228031624452444
0.5894029358229798
0.7669080364382473
0.354778649828963
0.42871058932674366
0.4245078706416516
0.48846752197527593
0.5032572558908036
0.41697506383633326
0.3743117946348982
0.37584925071042075
0.5358359545486882
0.40411718042441946
0.405457770890673
0.3675167771419426
0.571570132854479
0.49165443695209937
0.6427544330004322
0.331346182271116
0.3573237970564644
0.4301127209166964
0.4511765862128461
0.3803573617552633
0.46790986965583886
0.3867528637295115
0.6171828787890274
0.36223778038442933
0.4575176292127805
0.4897236373660146
0.4794370842737654
0.33037218107477867
0.33915541210368383
0.41509177058142505
0.4554126963171637
0.4420321248906412
0.362048631978669
0.3481431257980115
0.6077160591855867
0.5309202802822504
0.3957213213033622
0.4917875138066048
0.36305168103684426
0.37451120435175667
0.4520498859537536
0.4020599411401837
0.4371049631077475
0.3913025687620729
0.43462328901087316
0.4258315425566543
0.4685792990251696
0
0.49790167220803067
0.32914654672397486
0.5238659999493674
0.48735258917070245
0.3573140560976973
0.4208524923648239
0.4017537357968464
0.3482431536864613
0.43186057457283905
0.2814079479168073
0.2904717398408786
0.3425001197499042
0.40447314704752074
0.4089808835117408
0.4235286291403562
0.39682005399907877
0.4604231200268472
0.3709326296465382
0.5853410126187066
0.31200102840837024
0.3301132256739141
0.3962282321764954
0.45018447340375883
0.41561633125830316
0.3636697492332639
0.5120176789021563
0.4686194183070581
0.39703652973331216
0.3937791684995014
0.4767322589942052
0.5419311475111842
0.5506690359835295
0.36551109166365664
0.3750484292334419
0.3177376550166426
0.4322884958396504
0.4230947409723164
0.42449481155552193
0.3758655744103968
0.3539257603536868
0.45264816994292784
0.4560665925813404
0.4520498859537536
0.4840972499346388
0.42361873440618575
0.5471365918002363
0.33681324943152524
0.41099704355937916
0.45139100335314103
0.48289188221626755
0.6708768428962913
0.34454799005285824
0.36034381508524926
0.38660953446841306
0.43321454807866383
0.34886208094530663
0.41794303278498923
0.3867528637295115
0.6708768428962913
0.384661221222529
0.46863890489081056
0.3980251523284834
0.3979706479346881
0.49010644565820055
0.376719836922674
0.4042823627181613
0.44250559034724035
0.5716772351074845
0.46201634534010816
0.592851414669047
0.5641743668054657
0.5447658618850185
0.4291613777052364
0.64157095050839
0.4204540926136299
0.469374719081882
0.5202343249343365
0.45316953471753385
0.4817035830875456
0.5103215589657999
0.43031655213171205
0.4168754018809887
0.4771771275106659
0.49264856424117204
0.6385151039851051
0.4898295640607339
0.45024149792375107
0.4517330348259627
0.35711855117361074
0.5005974894474421
0.44853479360513043
0.3438953060827158
0.3445642414671257
0.3701070741292133
0.5515338778448317
0.4616066737466743
0.5889705565587936
0.5431574260858546
0.3825792914064163
0.3864437432633686
0.5512131444398498
0.4604960810483157
0.4129097121977591
0.34318546404096545
0.49290203143104966
0.3914422841142275
0.4462983185831607
0.4751907188670816
0.5898108655697064
0.3774658364698555
0.5855753236388633
0.4940201988024884
0.5133546331040273
0.4211459200563134
0.4179204788837802
1.2585922461118957
0.553568205541705
0.39450862956081967
0.4186051457662906
0.40209397504060623
0.43330560350249736
0.4271619374554142
0.6004262165734288
0.400761347725539
0.3650181148853
0.49096251262708357
0.5619532982514353
0.49164781443592015
0.3810350942557293
0.5228769974421655
0.49379493062762614
0.5443657593026593
0.40271117866291084
0.5904397454431651
0.5444972610463793
0.349614587642934
0.3738167875990675
0.49012532747745496
0.43625175092653207
0.31585771903904936
0.29525301721216407
0.44929163756075885
0.4611681923157183
0.4823067423305264
0.45164064835937195
0.7846134527455
0.6021648943456396
0.5564028001416014
0.6315343644206387
0.6010873006888836
0.3513179007535211
0.4316140932050151
0.5801114408503927
0.6708768428962913
0.3992170976683754
0.4655840223019558
0.6712152223217315
0.3440603593680074
0.3812014828190562
0.41880398080681297
0.46518219632399993
0.6708768428962913
0.39499343949645177
0.6867427753511487
0.592851414669047
0.4291613777052364
0.5129279256395353
0.30163703970688266
0.42262937338392437
0.36331597380088027
0.5204439311519798
0.4619058359745132
0.5724729201580525
0.44246273624590654
0.555188996380048
0.3570176900680602
0.37125050729555853
0.4663330033256253
0.650813041004406
0.35994603450512846
0.2814079479168073
0.7335273648944779
0.40554281026606187
0.3445642414671257
0.3869721345772808
0.3915789788307136
0.30749110838238597
0.4752897221364865
0.5828419653063058
0.4161201024592233
0.5624655798932916
0.4275214570736428
0.5567417230359487
0.4756509859191833
0.35752865942567413
0.4580375757603784
0.3510434563050939
0.3310966695817082
0.32541879706255583
0.4122216361312213
0.42996367425476356
0.5858834681930465
0.5497188175834185
0.4172782805001946
0.428311629828597
0.40485107107096835
0.4536633236462335
0.4419450698321529
0.4850816516058442
0.4813847220780917
0.41366032368366
0.43563953037655456
0.3450652156475132
0.5401590708559447
0.6057117216162909
0.4352380479857056
0.4130356418991257
0.383737123454959
0.4194326177390877
0.39809526162098974
0.6042120666509373
0.4638323694217976
0.4810645915631283
0.4682556086853344
0.647379499391458
0.39906441342093407
0.43634470890555577
0.3771508979023143
0.7253336913557707
0.39154860212496956
0.5228769974421655
0.3919373671742986
0.49379493062762614
0.418721754971262
0.5904397454431651
0.36732985616520863
0.4266810767151106
0.4008366125606183
0.349614587642934
0.325465619143217
0.5441227776066359
0.5466188386082197
0.6304911755217347
0.38183593629770846
0.3226500216859511
0.4534291854446868
0.4072602007093593
0.43177638043499755
0.5309914130541115
0.5228031624452444
0.5894029358229798
0.7669080364382473
0.354778649828963
0.42871058932674366
0.4245078706416516
0.48846752197527593
0.5032572558908036
0.41697506383633326
0.3743117946348982
0.37584925071042075
0.5358359545486882
0.40411718042441946
0.405457770890673
0.3675167771419426
0.571570132854479
0.49165443695209937
0.6427544330004322
0.331346182271116
0.3573237970564644
0.4301127209166964
0.4511765862128461
0.3803573617552633
0.46790986965583886
0.3867528637295115
0.6171828787890274
0.36223778038442933
0.4575176292127805
0.4897236373660146
0.4794370842737654
0.33037218107477867
0.33915541210368383
0.41509177058142505
0.4420321248906412
0.362048631978669
0.3481431257980115
0.6077160591855867
0.5309202802822504
0.3957213213033622
0.4917875138066048
0.36305168103684426
0.37451120435175667
0.4520498859537536
0.4020599411401837
0.4371049631077475
0.3913025687620729
0.43462328901087316
0.4258315425566543
0.4685792990251696
0
0.49790167220803067
0.32914654672397486
0.5238659999493674
0.48735258917070245
0.3573140560976973
0.4208524923648239
0.4017537357968464
0.3482431536864613
0.4235286291403562
0.39682005399907877
0.4604231200268472
0.3709326296465382
0.5853410126187066
0.3301132256739141
0.3962282321764954
0.45018447340375883
0.41561633125830316
0.3636697492332639
0.5120176789021563
0.4686194183070581
0.39703652973331216
0.3937791684995014
0.4767322589942052
0.5419311475111842
0.5506690359835295
0.36551109166365664
0.3750484292334419
0.3177376550166426
0.4322884958396504
0.4230947409723164
0.42449481155552193
0.3758655744103968
0.3539257603536868
0.45264816994292784
0.4560665925813404
0.4520498859537536
0.4840972499346388
0.42361873440618575
0.46842212345185136
0.4633511325703283
0.6404356714445895
0.528457950909833
0.31192236604485885
0
0.3618259887954774
0.44518395566855185
0.48145078552361514
0.4542107653472421
0.4150251892457575
0.5939610072454594
0.5159783659530011
0.29349768406978427
0.31343776980411847
0.517074023009719
0.3675129205116775
0.6235705211526651
0.9258590864065976
0.45657546260315474
0.29349768406978427
0.44306159161428704
0.5475367484866381
0.3317923304678093
0.4861544991848479
0.44166307927147924
0.4438828312776976
0.597348267504424
0.5653023170339595
0.41437352568546565
0.3829840316285282
0.38126294572115604
0.34886208094530663
0.8154101143595293
0.6061101261193135
0.5570465450430544
0.5354162156720479
0.3980251523284834
0.6396965940849597
0.5421332631096991
0.6757516103886391
0.4042823627181613
0.44250559034724035
0.44201845007493057
0.37329581722165117
0.36162779469985135
0.4817035830875456
0.45879123940168587
0.4618841727321472
0.37813784706969755
0.4941041870460819
0.4168754018809887
0.5402314008299489
0.4027593877855946
0.7014334144049875
0.5578046476172671
0.39613998656035326
0.49264856424117204
0.6385151039851051
0.32914654672397486
0.4898295640607339
0.547253396942234
0.48401464568528496
0.35711855117361074
0.5293947244259865
0.4778134578003534
0.32666535475115005
0.39527953276982386
0.4160188039115462
0.4616066737466743
0.5889705565587936
0.5828419653063058
0.44047191570961375
0.6085424666460331
0.5568291332275552
0.5828991131955908
0.4790595350761712
0.5486022421995146
1.0747659621911987
0.629081328515696
0.43643609250408466
0.6341036297956508
0.4192748219534583
0.47872434206546943
0.42769655048320776
0.3663779247739862
0.4416256123329457
0.3359930812300096
0.3971335390545739
0.39487563382952423
0.5844169585553154
0.5126788091557158
0.43171477457805263
0.7493629262071565
0
0.40782523719498
0.49164781443592015
0.36804658163181264
0.5443657593026593
0.5444972610463793
0.381570341860159
0.31585771903904936
0.29525301721216407
0.392792785505751
0.45164064835937195
0.5150269730718797
0.4341839588136473
0.4061370278180212
0.4055404168730702
0.386051445550729
0.42286691837705015
0.6128697131670264
0.46184700422735475
0.42654426134792006
0.38986777468838874
0.4485406653488194
1.2943176145968822
0.667079551522037
0.5391333736437749
0.6421108895791875
0.39946175031323694
0.4447796712362741
0.3980251523284834
0.5396797977579555
0.41149973523443767
0.6421108895791875
0.49883061916420635
0.6294047172965774
0.41149152170407144
0.5693848461018155
0.4325360328335411
0.4156408395410616
0.38705422283613405
0.6500541270795361
0.3504949792293198
0.5115399895323833
0.683273328306438
0.4366750084204616
0.35183516423576355
0.4771315046593612
0.36395056097460426
0.4254395735774485
0.48975743969433067
0.3658727158401832
0.6657086312140462
0.4377361660357565
0.3377395428886253
0.4105635442452657
0.4971168136665702
0.3869721345772808
0.48015155217312566
0.41429741285280414
0.34255899170439086
0.3761517488764354
0.4275214570736428
0.33542821069584755
0.4340777974753489
0.4071570204934875
0.41859087557924624
0.5616524054802063
0.5858834681930465
0.6068599252899557
0.3877320958276963
0.4558108947405245
0.4261857230391796
0.34157310943488434
0
0.6399377365137423
0.3844490796699667
0.46656166208247607
0.39154860212496956
0.409469779813771
0.43975145662937953
0.6125392907852683
0.42011659475777985
0.418721754971262
0.5462714610968937
0.39754187867032825
0.47266832005319903
0.43667875448117055
0.5249510439168666
0.38235478040056986
0.4597384999118774
0.4551682719190816
0.47184599446376563
0.4585815513329908
0.44929163756075885
0.524736721804192
0.5169750808353041
0.3840486811706029
0.6311982367962019
0.30267662527630906
0.4356676277821087
0.40191733490043435
0.5231316646378094
0.3855174303483029
0.4801992331131213
0.43809101338846534
0.3331512145733523
0.4091775607200082
0.4270812411147552
0.4176443897029959
0.5224635711772166
0.41365107092149583
0.3930435495185957
0.4076484259438234
0.47096346738545497
0.7323054960598812
0.5155980140669447
0.6235705211526651
0.4445399033730462
0.5361744059190963
0.4655840223019558
0.4534291854446868
0.571570132854479
0.597348267504424
0.4301127209166964
0.4511765862128461
0.4421458956424584
0.6158691328761976
0.3803573617552633
0.4631068271522433
0.6468655469962206
0.4058077578937708
0.6580183851238631
0.5570465450430544
0.4645479706859865
0.3580638397368825
0.33915541210368383
0.4554126963171637
0.44857201787549633
0.29869011776131443
0.33331803808297034
0.4550958142575155
0.37408993772199356
0.45316953471753385
0.36518887973836645
0.40809771682453105
0.39613998656035326
0.6745709992452485
0.31139165998642393
0.5238659999493674
0.5611654218843968
0.3724350933182139
0.330753897981307
0.4971940407237032
0.6956534691157749
0.48315832249830704
0.40447314704752074
0.4089808835117408
0.42337958847956136
0.33896782685835203
0.4684002221915116
0.6085424666460331
0.3621343548383195
0.6927635560307019
0.5306224810256795
0.5859186781529627
0.5120176789021563
0.4466193668879034
0.4140106336924069
0.4713101831643187
0.4098717081582696
0.4247196967616838
0.4500275443898816
0.3680918405397199
0.4218042539204074
0.353134213618494
0.3758655744103968
0.3738218950923478
0.5205860878036032
0.43049285904984874
0.504274384127052
0.4775539331243773
0.776473930427265
0.3664632223584302
0.528784860203451
0.37997690580483817
0.5815876502510029
0.5552738988075929
0.36615270169298747
0.4069897004543899
0.42839025194749575
0.49605918028175694
0.9189166093376615
0.41877202785821127
0.46162915789129544
0.5499116395722348
0.6304911755217347
0.36692145105837937
0.5240351059691328
0.44565688888971106
0.45164064835937195
0.4584617563987277
0.6225964295401627
0.5104843844687106
0.402749709078306
0.3908130726721743
0.5258415513545828
0.3350888625222833
0.4065514731262292
0.35359481122489445
0.4415950332833905
0.48028871928723954
0.41262550623830124
0.37305003565607897
0.37098976942895845
0.544237173057874
0.6158691328761976
0.3803573617552633
0.5790926005706626
0.5202527505903771
0.6468655469962206
0.6580183851238631
0.569672584180223
0.6396965940849597
0.33037218107477867
0.5782613597462057
0.6867427753511487
0.5925762079547426
0.4554126963171637
0.5716772351074845
0
0.6033224991768279
0.3660908610149991
0.43451910634049123
0.3481431257980115
0.4032971923219247
0.501664756513194
0.48795393693582045
1.0152990920939804
0.42728858349646087
0.37003661769008744
0.3709178854484607
0.48190663105511405
0.7823910513367103
0.4604231200268472
0.8176152112662268
0.8176152112662268
0.5073108100021483
0.8524956912129161
0.3626822992553998
0.4617467012815888
0.5859186781529627
0.4152574902000331
0.4466193668879034
0.4751907188670816
0.4686194183070581
0.5831095844801398
0.5898108655697064
0.45185053442376566
1.191719603744053
1.2585922461118957
0.553568205541705
0
0.5815876502510029
0.40209397504060623
0.4271619374554142
0.34630650956545134
0.8237079989858864
0.39775854032672525
0.4041595813257272
0.40271117866291084
0.4172505031396488
0.9189166093376615
0.46448638323884106
0.5466188386082197
0.5499116395722348
0.6309008395645314
0.4726736057833658
0.8181052350455976
0.558731482394615
0.43282646759280374
0.570959660281758
0.6142928171767866
0.7827395910109168
0
0.5496243646866064
0.3696304344250706
0.39825078354999366
0.5408954132651148
0.5307490206820672
0.47225619649682954
0.38208013165139004
0.353252140854446
1.0196844322218803
0.6631159944965167
0.4931435708421877
0.6902803021878681
0.39821358587048084
0.26739484175124706
0.47129959801730315
0.6224965126429242
0.6396965940849597
0.36587854570098133
0
0.4975141609798595
0.4291613777052364
0.5129279256395353
0.532150251230679
0.38878023013271634
0.3866113695978528
0.32878593528408934
0.48519503157969196
0.3990266977412214
0.5302844241327428
0.41041749147593154
0.4898295640607339
0.39421376262734825
0.3570176900680602
0.41141859283038457
0.36254489162810255
0.6997884535771173
0.4604231200268472
0.3445642414671257
0.3701070741292133
0.41910309445541555
0.4168533012902348
0.3825792914064163
0.34839237798611683
0.32398167254052235
0.47157276491894523
0.35275232035772647
0.44982050734993495
0.5581246459899722
0.3872336746864872
0.5815876502510029
0.3008164475370277
0.40587052768397136
0.36346680812607324
0.39906441342093407
0.49379493062762614
0.44033254381291814
0.524329696080206
0.4303230102860374
0.36732985616520863
0.5276030644423177
0.4177557617676324
0.5058739697626542
0.3444500214129279
0.349614587642934
0
0.43625175092653207
0.3524072141895106
0.33649078509020175
0.3610602087399396
0.504771294200202
0.3860660247846318
0.3543048695764749
0.41712871109323824
0.4388741602558947
0.3567235600526521
0.44212469086751943
0.4176443897029959
0.48786099968758817
0.3350888625222833
0.30009373997804123
0.38181817892666964
0.35492026085584344
0.6142928171767866
0.7827395910109168
0.4717584561809782
0.3024240058076809
0.37664750457819596
0.34112081355780505
0.3696304344250706
0.4041599370100193
0.42597514807537384
0.4883011862574722
0.5307490206820672
0.39309871013838105
0.41784253672835237
0.353252140854446
0.32512236411982837
0.411628831187664
0.4755950877883689
0.46173559605559744
0.6407363530464854
0.3382298960059087
0.36054754854380516
0.42939927935790806
0.404333576922457
0.269575246116599
0.4362249444992619
0.41775839296539546
0.31151482415042364
0.48865434525145973
0.3003379357400099
0.29630427930073455
0.36254489162810255
0.4504271680432919
0.35846087609424937
0.4306096409392103
0.41910309445541555
0.4248675146395269
0.34162223229682714
0.31200102840837024
0.4037253487201002
0.3761517488764354
0.3718511888364312
0.32398167254052235
0.427944386569364
0.3839773892856358
0.352159859316096
0.454745076642284
0.4344977891565561
0.5246339613286867
0.38017294710041544
0.3887408720760895
0.4130356418991257
0.3618259887954774
0.4027032806229426
0.5019639707269331
0.32688038592457136
0.36346680812607324
0.2960567950586682
0.3509570582351525
0.34308303210032803
0.36732985616520863
0.33082260579664136
0.4269509484472051
0.3437426041562807
0.4551682719190816
0.31107410173905875
0.3596183112159358
0.5702265673599316
0.3332460368160427
0.37853394146803104
0.3830601235376596
0.34026030627650633
0.4121872685471777
0.4120546620765294
0.35784450464436496
0.30009373997804123
0.36547929128410456
0.29184445277148363
0.28915552163094277
0.3020494353528294
0.313176748910517
0.30793001055256836
0.3114357983934628
0.37172630658649025
0.2866878103976367
0.3146851235441973
0.4342555835567527
0.3402246669247056
0.3404049103840304
0.4784918360801715
0.4015467324425519
0.299675144192542
0.2956571446122427
0.3088089857065416
0.4875710275394908
0.6315343644206387
0.6010873006888836
0.386051445550729
0.415077968228468
0.5789495709470286
0.39499343949645177
0.38799406554035976
0.45551093449947805
0.4589786150871075
0.5204439311519798
0.5485499978272076
0.44246273624590654
0.4985365016019017
0.5113040041837575
0.4052321025546928
0.3724350933182139
0.35994603450512846
0.5828419653063058
0.6085424666460331
0.5567417230359487
0.3988088047548861
0.35752865942567413
0.4247196967616838
0.4359535639614117
0.46689563972745834
0.4172782805001946
0.353134213618494
0.5522850852429143
0.3872336746864872
0.36472691274609115
0.3932115209417429
0.39809526162098974
0.4638323694217976
0.44209608715361215
0.647379499391458
0.3771508979023143
0.4290881274402384
0.46757598852017496
0.6379396309525097
0.41877202785821127
0.38351944300175417
0.5848074261191264
0.4128674728766264
0.45369535583180864
0.32031281604570744
0.4332250194898315
0.6309008395645314
0.32294081763364274
0.5172543512588273
0.4801992331131213
0.3908130726721743
0.4687122594391116
0.7113253187550858
0.35492026085584344
0.4595331756291994
0.39884892937656824
0.5187664109293387
0.4025974750491027
0.489139740765805
0.42784959364473923
0.4118235868025475
0.4059365991388591
0.6112678049262499
0.40021476532411315
0.3054553652002446
0.47225619649682954
0.38208013165139004
0.37508715062095843
0.34358322148051956
0.3837956892858861
0.4808554257267246
0.3786694388265958
0.48443461770336316
0.6880503786425316
0.4222735422735698
0.6013984288026794
0.4954140046116943
0.5637377376925006
0.4693145204659599
0.43138252043228814
0.5227863641511308
0.37914356162208634
0.5808475699428494
0.4546957253397564
0.7772557082482485
0.6021648943456396
0.3633064225582121
0.5364799530114324
0.3784169272420148
0.5308521039500079
0.4902589539762805
0.5941261609963365
0.5780132423927262
0.42286691837705015
0.3992170976683754
0.6128697131670264
0.46184700422735475
0.4263180763523403
0.4072602007093593
0
0.4548108396085292
0.6342354217090377
0.46443783075904244
0.41880398080681297
0.5211260320457359
0.4794370842737654
0.44405089974773393
0.432233120483087
0.4539639566900994
0.5126842458131585
0.4325360328335411
0.5115399895323833
0.35183516423576355
0.47490656365305595
0.4771315046593612
0.36395056097460426
0.454311513144165
0.3658727158401832
0.4377361660357565
0.48015155217312566
0.4248675146395269
0.3673225291277168
0.501437736772992
0.4475939189867889
0.5858834681930465
0.4558108947405245
0.6936592968073387
0.4775539331243773
1.191719603744053
0.6042120666509373
0.6399377365137423
0.3844490796699667
0.6983148325109473
0.46656166208247607
0.5648734790442979
0.5319533884121528
0.3960598131937752
0.4205752315684958
0.3840486811706029
0.4356676277821087
0.413501038168318
0.43809101338846534
0.5024929312481151
0.3930435495185957
0.41377784623528807
0.43918866172463306
0.36383777901474834
0.3277809647343091
0.3499720483603829
0.4147006344906027
0.3207408447655535
0.3054553652002446
0.37271566450484406
0.5830152251196836
0.2866878103976367
0.4018734455122832
0.41794303278498923
0.37126515238078645
0.5782613597462057
0.6867427753511487
0.33792370508373515
0.30960036565231125
0.3318260571408684
0.4020627867641254
0.4075408064651248
0.3825792914064163
0.4129097121977591
0.34318546404096545
0.3956477289943573
0.39963483842595604
0.3877320958276963
0.3774658364698555
0.4850816516058442
0.3872336746864872
0.5178992147618379
0.528784860203451
0.6057117216162909
0.34157310943488434
0.383737123454959
0.400761347725539
0.3650181148853
0.3913287536681037
0.5228769974421655
0.409469779813771
0.5462714610968937
0.4959787427884298
0.45369129408632186
0.5249510439168666
0.7725042662517527
0.46922750958999854
0.3306888047858784
0.5371697189366941
0.3639057189283232
0.4003338156437181
0.4075147737596916
0.39381413925871345
0.400381698939593
0.3980226169431256
0.37956491031790573
0.47112642929438797
0.4742048168724526
0.4176443897029959
0.3537747589276008
0.4518978943611092
0.3883372288114697
0.35359481122489445
0.37664750457819596
0.47735370897132134
0.32670711300446215
0.39715235288147616
0.4025974750491027
0.3347656284879022
0.40554779951496556
0.33564435125826175
0.4208560400788419
0.41434312866347056
0.39180831719633563
0.3956038276744678
0.3253420053604527
0.3377099797073999
0.5299961997699217
0.3892316309683253
0.36003622440198335
0.4329516187119234
0.37861080574084593
0.4432096457027153
0.37400369301622444
0.5418978852524897
0.5076972179696071
0.3993411389009164
0.3991955684988088
0.5285034366295894
0.46710656713277493
0.34952218141767916
0.36142864875518244
0.48998143912142617
0.6252485822643544
0.5143459339258666
0.36587854570098133
0.694042439211143
0.5559606341675255
0.38878023013271634
0.3990266977412214
0.41141859283038457
0.6997884535771173
0.5111247821379195
0.5690912388271082
0.484545156763832
0.4152574902000331
0.5876212877811907
0.43643609250408466
0.36400991593520926
0.41997334208665205
0.5256968462107412
0.5581246459899722
0.44724621592848196
0.5158663769843012
0.5172333774587824
0.6167868978311002
0.531121619504137
0.43634470890555577
0.42011659475777985
0.46252217434253773
0.5477853878193516
0.4562962867652937
0.4410341409305814
0.40560361042184484
0.4991696306464424
0.4593945618998765
0.3767929499773656
0.4196701973428758
0.4224872528199383
0.3121499163446167
0.6309008395645314
0
0.4325798354550808
0.42703046746102513
0.4742048168724526
0.7291191328616254
0.4265894837775354
0.39808188010152584
0.4019181104673437
0.4079285787682607
0.459574237000478
0.29184445277148363
0.47058166500579446
0.37725377732384546
0.4811680909439777
0.49342086776896354
0.4154738385070625
0.3956038276744678
0.5408954132651148
0.3207408447655535
0.3387482733696649
0.41273251371617603
0.4832292123789098
0.7719509994461909
0.40220181641181235
0.37358554886338496
0.413519145112086
0.5386757110621957
0.4755950877883689
0.44874523781610537
0.37497457235730114
0
0.49337653227630335
0.48718289455344166
0.5315750816507737
0.42293789066789284
0.3902073924075977
0.4485406653488194
0.41794303278498923
0.3741706283386648
0.3991350950776851
0.47129959801730315
0.39934181682387
0.4046737364939441
0.4656291576338194
0.3866113695978528
0.5578046476172671
0.41041749147593154
0.396239911062892
0.357781505196839
0.4517330348259627
0.401578067686853
0.3825792914064163
0.4476263588077512
0.3956477289943573
0.4636322059449949
0.41997334208665205
0.3877320958276963
0.3774658364698555
0.44841728684433685
0.5133546331040273
0.43798747350650513
0.4842730714554836
0.6119271957134665
0.3008164475370277
0.400761347725539
0.49511840981219
0.4778907800048603
0.6483240722751159
0.47357254384359126
0.4826567941301639
0.7198635541688032
0.45369129408632186
0.3444500214129279
0.5081124231304316
0.3738167875990675
0.4069084209820121
0.3524072141895106
0.30267540433484963
0.4075147737596916
0.3980226169431256
0.45190571888017034
0.3567235600526521
0.5224635711772166
0.3883372288114697
0.47481036579987435
0.47058166500579446
0.4491823185208021
0.39180831719633563
0.3869861200360537
0.36003622440198335
0.38186081691869045
0.36332682934297883
0.45582207718170165
0.33746392448665147
0.5159783659530011
0.642863736173822
0.6902803021878681
0.47227615628656455
0
0.9258590864065976
0.44306159161428704
0.504458598852421
0.5475367484866381
0.4460078712121451
0.37584925071042075
0.571570132854479
0.49165443695209937
0.6427544330004322
0.4136899527952751
0.44166307927147924
0.4438828312776976
0.597348267504424
0.544237173057874
0.43173875501375836
0.5653023170339595
0.3829840316285282
0.4735686359165204
0.6657879064720318
0.5570465450430544
0.6834407241932065
0.39258510842457306
0
0.525736354414249
0.43451910634049123
0.37408993772199356
0.4032971923219247
0.4941041870460819
0.43005143032539284
0.394832449880394
0.8176152112662268
0.8176152112662268
0.45697718595473524
0.5073108100021483
0.8524956912129161
0.3626822992553998
0.5828991131955908
0.3738218950923478
0.5119811269085488
0.34630650956545134
0.6211631653043698
0.4277235905309315
0.5499116395722348
0.5567721250223646
0.558731482394615
0.4058226746168851
0.395666671696639
0.4754891445469392
0.4320496001282521
0.43138252043228814
0.42584803151419265
0.6712152223217315
0.3812014828190562
0.31151482415042364
0.48865434525145973
0.3003379357400099
0.29630427930073455
0.37125050729555853
0.3972729644830161
0.35846087609424937
0.3445642414671257
0.4306096409392103
0.3915789788307136
0.4752897221364865
0.443170937473825
0.427944386569364
0.3310966695817082
0.32541879706255583
0.352159859316096
0.43429413944513257
0.454745076642284
0.4344977891565561
0.428311629828597
0.29791702409258625
0.4130356418991257
0.3618259887954774
0.4466406118826946
0.4682556086853344
0.43634470890555577
0.3509570582351525
0.4008366125606183
0.31107410173905875
0.3226500216859511
0.2838956284856847
0.3332460368160427
0.3844673922754058
0.3610602087399396
0.34026030627650633
0.31062885620846453
0
0.4728203682267096
0.3138509141581269
0.41993139088050485
0.34403687025810137
0.3146851235441973
0.3404049103840304
0.398161705096526
0.26739484175124706
0.3991350950776851
0.49010644565820055
0.376719836922674
0.5716772351074845
0.592851414669047
0.45316953471753385
0.43031655213171205
0.34270596537399306
0.42728858349646087
0.37003661769008744
0.3709178854484607
0.48190663105511405
0.38864735865856576
0.4617467012815888
0.34318546404096545
0.5859186781529627
0.3680918405397199
0.40271117866291084
0.4078438605963156
0.3444500214129279
0.33649078509020175
0.3267844045040355
0.4388741602558947
0.3692843076916783
0.6142928171767866
0.3696304344250706
0.4041599370100193
0.5307490206820672
0.41734048511183386
0.353252140854446
0.35044519284533987
0.44579635843697685
0.3993411389009164
0.4931435708421877
0.33746392448665147
0.5787431835389515
0.642863736173822
0.47227615628656455
0.42466230082759543
0.6101857172676893
1.0967246819192047
0.5170992572601036
0.597348267504424
0.4735686359165204
0.6657879064720318
0.4631068271522433
0.6421108895791875
0.5285353807426579
0.5570465450430544
0.5032001445107135
0.6443602003831194
0.6553749630295828
0.6421108895791875
0.5421332631096991
0.4099584086681412
0.33331803808297034
0.29468268846081397
0.6956534691157749
0.4085481220433971
0.4684002221915116
0.4971168136665702
0.3636697492332639
0.5871187080218961
0.776473930427265
0.452546492751317
0.42126872457504
0.39884892937656824
0.3553821376149238
0.3241526933647672
0.38099725269950263
0.6235705211526651
0.5361744059190963
0.4655840223019558
0.4645479706859865
0.3580638397368825
0.4550958142575155
0.45316953471753385
0.36518887973836645
0.40809771682453105
0.39613998656035326
0.5238659999493674
0.48315832249830704
0.42337958847956136
0.33896782685835203
0.3621343548383195
0.4466193668879034
0.4140106336924069
0.4500275443898816
0.3680918405397199
0.3758655744103968
0.3738218950923478
0.504274384127052
0.528784860203451
0.37997690580483817
0.36615270169298747
0.46162915789129544
0.6304911755217347
0.36692145105837937
0.45164064835937195
0.402749709078306
0.3350888625222833
0.4065514731262292
0.35359481122489445
0.41262550623830124
0.37098976942895845
0.40102219416840024
0.36142864875518244
0.4983458140934398
0.46443783075904244
0.5790926005706626
0.5202527505903771
0.41880398080681297
0.5028611328955084
0.42355518400802894
0.38705422283613405
0.49501607318696983
0.48950278889332516
0.456213051891012
0.48795393693582045
1.0152990920939804
0.41141859283038457
0.3573919862462938
0.7823910513367103
0.3855011107588926
0.5028921959452937
0.3359930812300096
0.45185053442376566
0.4842730714554836
0
0.4865396351238264
0.5237799327655583
0.39775854032672525
0.3331512145733523
0.4076484259438234
0.3103594447996461
0.35858367291267557
0.3556537276842467
0.4072602007093593
0.43177638043499755
0.5309914130541115
0.5228031624452444
0.3743117946348982
0.37584925071042075
0.3803573617552633
0.36223778038442933
0.4575176292127805
0.3481431257980115
0.6077160591855867
0.5309202802822504
0.37451120435175667
0.4520498859537536
0.32914654672397486
0.4208524923648239
0.4235286291403562
0.39682005399907877
0.4604231200268472
0.3709326296465382
0.5120176789021563
0.39703652973331216
0.3758655744103968
0.4520498859537536
0.44518395566855185
0.4721779284888958
0.5381049320632764
0.2838956284856847
0.5471365918002363
0.6902803021878681
0.39480762570787237
0.48846752197527593
0.5032572558908036
0.3743117946348982
0.37584925071042075
0.5653023170339595
0.48998143912142617
1.2943176145968822
0.39821358587048084
0.26739484175124706
0.6708768428962913
0.49010644565820055
0.5193958606732416
0.376719836922674
0.36587854570098133
0.5950123697350409
0.39934181682387
0.43031655213171205
0.5238659999493674
0.2814079479168073
0.2904717398408786
0.41561633125830316
0.47157276491894523
0.3211925492702476
0.46831844718839727
0.35275232035772647
0.44518395566855185
0.2838956284856847
0.3267844045040355
0.4176443897029959
0.35320233645203736
0.3297942837086469
0.4883011862574722
0.35044519284533987
0.3504949792293198
0.5115399895323833
0.4771315046593612
0.36395056097460426
0.3658727158401832
0.4377361660357565
0.41429741285280414
0.3761517488764354
0.41859087557924624
0.4558108947405245
0.4261857230391796
0.46656166208247607
0.418721754971262
0.43667875448117055
0.4551682719190816
0.5169750808353041
0.30267662527630906
0.4356676277821087
0.40191733490043435
0.3855174303483029
0.43809101338846534
0.41365107092149583
0.3930435495185957
0.4095819139908065
0.529247090972224
0.36383777901474834
0.37204462464315685
0.3499720483603829
0.4147006344906027
0.41734048511183386
0.45027014323170056
0.5296920230058306
0.38197519793735835
0.5568291332275552
0.484545156763832
0.48346730478213684
0.4766363664095209
0.5128150959938005
0.5467728126116783
0.3725486091099106
0.3840486811706029
0.3447079532553315
0.30267662527630906
0.5555412347332723
0.32275495356509143
0.4543988774880804
0.3956038276744678
0.3207408447655535
0.3695168161099364
0.5830152251196836
0.5376753067330249
0.5335761373748195
0.35022112834840047
0.4210509109977
0.4018734455122832
0.38099725269950263
0.3395559877661938
0.41315930839766574
0.41382691235222874
0.3556537276842467
0.5165329071049037
0.2956571446122427
0.6468655469962206
0.6580183851238631
0.47129959801730315
0.4554126963171637
0.5559606341675255
0.4006296777169315
0.8524956912129161
0.3626822992553998
0.3825792914064163
0.3211925492702476
0.5831095844801398
0.4098717081582696
0.4359535639614117
0.3008164475370277
0.4172505031396488
0.3444500214129279
0.3524072141895106
0.558731482394615
0.41712871109323824
0.3908130726721743
0.3567235600526521
0.39884892937656824
0.6142928171767866
0.3650071445484577
0.37508715062095843
0.41505876876911246
0.5298584187447596
0.46799762266378814
0.47766449641418535
0.39749531869470217
0.4032643915175054
0.4086126417418869
0.44972312173891354
0.553916167894606
0.4756509859191833
0.4580375757603784
0.4933509309357769
0.4371922163839327
0.35275232035772647
0.40485107107096835
0.44401231205057695
0.5626367933699667
0.3956209554700941
0.4388311059846847
0.4613074817479069
0.3809308348919411
0.30267540433484963
0.37879181402463497
0.3402246669247056
0.41315930839766574
0.399822496867229
0.6616833216494103
0.4983458140934398
0.46443783075904244
0.5032001445107135
0.4362249444992619
0.5693848461018155
0.3504949792293198
0.3888596448189753
0.4571152371276831
0.36395056097460426
0.4377361660357565
0.3636697492332639
0.3839773892856358
0.5871187080218961
0.7109725654605232
0
0.325465619143217
0.6547641427051674
0.3013197965838201
0.2838956284856847
0.37853394146803104
0.6311982367962019
0.40191733490043435
0.4095819139908065
0.29184445277148363
0.3214638356978233
0.37305003565607897
0.42939927935790806
0.404333576922457
0.269575246116599
0.4362249444992619
0.34162223229682714
0.3718511888364312
0.3839773892856358
0.4130356418991257
0.5019639707269331
0.32688038592457136
0.2960567950586682
0.4269509484472051
0.5702265673599316
0.37853394146803104
0.4121872685471777
0.30009373997804123
0.29184445277148363
0.3020494353528294
0.37172630658649025
0.4784918360801715
0.4015467324425519
0.3088089857065416
0.26739484175124706
0.5925762079547426
0.49010644565820055
0.376719836922674
0.3881992496196768
0.43031655213171205
0.4536180870697451
0.34270596537399306
0.42728858349646087
0.37003661769008744
0.3709178854484607
0.48190663105511405
0.38864735865856576
0.553568205541705
0.40209397504060623
0.4543475958543546
0.44929163756075885
0.8181052350455976
0.3267844045040355
0.41712871109323824
0.35044519284533987
0.44579635843697685
0.4931435708421877
0.5067987627989713
0.548236815652167
0.3504949792293198
0.29468268846081397
0.34255899170439086
0.3332532916446589
0.34283669507746745
0.3839773892856358
0.4261599074084739
0.3651018823377871
0.38587338586671077
0.35527051752727556
0.5787871335013131
0.37485168665239404
0.37853394146803104
0.3543048695764749
0.303985258212406
0.32670711300446215
0.37447771756130604
0.3945077103596365
0.3387482733696649
0.4485406653488194
0.5461226569181625
0.501664756513194
0.3913025687620729
0.4517330348259627
0.8176152112662268
0.8176152112662268
0.5133546331040273
0.4842730714554836
0.7493629262071565
0.3685341659302496
0.546080834900403
0.38235478040056986
0.3285470815990449
0.35858367291267557
0.36332682934297883
0.39860699470926986
0.3556537276842467
0.26739484175124706
0.5925762079547426
0.49010644565820055
0.376719836922674
0.3881992496196768
0.43031655213171205
0.4536180870697451
0.553568205541705
0.40782523719498
0.5778993725250917
0.6379396309525097
0.4543475958543546
0.3267844045040355
0.44220551210443626
0.35044519284533987
0.380855227377025
0.46863890489081056
0.5447658618850185
0.3332532916446589
0.4211459200563134
0.49164781443592015
0.4485406653488194
0.5461226569181625
0.4517330348259627
0.5133546331040273
0.4842730714554836
0.7493629262071565
0.3685341659302496
0.546080834900403
0.38235478040056986
0.3285470815990449
0.36332682934297883
0.39860699470926986
0.3556537276842467
0.6396965940849597
0.4604231200268472
0.4466193668879034
0.5831095844801398
0.45185053442376566
0.4172505031396488
0.5499116395722348
0.558731482394615
0.43282646759280374
0.5307490206820672
0.353252140854446
0.517074023009719
0.5461226569181625
0.77869985151511
0.3913025687620729
0.5198288342532905
0.508881788499993
0.3359930812300096
0.546080834900403
0.4540913557001475
0.4251286604975843
0.43328927707945986
0.565535920345128
0.34607293853643895
0.39860699470926986
0.31151482415042364
0.36254489162810255
0.41910309445541555
0.32398167254052235
0.36346680812607324
0.34308303210032803
0.36732985616520863
0.30009373997804123
0.3020494353528294
0.3114357983934628
0.299675144192542
0.5296920230058306
0.5789495709470286
0.5876212877811907
0.6004262165734288
0.38613879841992954
0.7306820179971336
0.3930435495185957
0.4079285787682607
0.45698723018746
0.4154738385070625
0.3219657858307072
0.4272421154892727
0.399822496867229
0.3551238693836872
0.5587966666967018
0.38897794513566186
0.5635862524864947
0.32688038592457136
0.572874364746468
0.3960598131937752
0.2838956284856847
0.44253926408270894
0.43918866172463306
0.5204284434332872
0.4097637542073843
0.5227863641511308
0.6033224991768279
0.3660908610149991
0.525736354414249
0.5267932452771832
0.42273094804216454
0.3864437432633686
0.43464214004139756
0.4129097121977591
0.3460103311399688
0.34318546404096545
0.553916167894606
0.3809308348919411
0.47129959801730315
0.3825792914064163
0.3211925492702476
0.3008164475370277
0.3444500214129279
0.3524072141895106
0.41712871109323824
0.3567235600526521
0.3650071445484577
0.3803573617552633
0.569672584180223
0.4554126963171637
0.4152574902000331
1.191719603744053
0.6902803021878681
0.5653023170339595
0.49010644565820055
0.376719836922674
0.43031655213171205
0.47157276491894523
0.3267844045040355
0.35044519284533987
0.43831115266910037
0.8636379144296459
0.5367138642734683
0.6071368886348907
0.6147006868000159
0.3322556997572682
0.5067987627989713
0.6847975476400099
0.34255899170439086
0.4261599074084739
0.37451263197354695
0.6531299024427989
0.38351944300175417
0.4211121888385277
0.401578067686853
0.43464214004139756
0.43171477457805263
0.6531299024427989
0.3960598131937752
0.544237173057874
0.43451910634049123
0.4032971923219247
0.394832449880394
0.5499116395722348
0.39821358587048084
0.5193958606732416
0.36587854570098133
0.35275232035772647
0.4176443897029959
0.4883011862574722
0.3698011867150589
0.3991350950776851
0.36587854570098133
0.38878023013271634
0.41141859283038457
0.47157276491894523
0.5133546331040273
0.3285470815990449
0.41100322457267485
0.39860699470926986
0.31107410173905875
0.3844673922754058
0.4684200430000423
0.4949979844727363
0.47157276491894523
0.38486162571381116
0.6176700363073503
0.6247413520759764
0.4957435161233519
0.7140401607580258
0.8445163438149638
0.26739484175124706
0.4350595727043508
0.38864735865856576
0.3024240058076809
0.525736354414249
0.42273094804216454
0.3460103311399688
0.34318546404096545
0.41775839296539546
0.4504271680432919
0.4342555835567527
0.31107410173905875
0.42564814475105495
0.3698011867150589
0.47157276491894523
0.43464214004139756
0.553916167894606
0.4027032806229426
0.5289876609128124
0.4893113640915825
0.4824325730876987
0.3574944750502308
0.4502465499364306
0.5002378431265242
0.6908973777329579
0.51729873136066
0.4576859312011068
0.638365677508289
0.48696784687458833
0.6277116140339026
0.4876112437950822
0.3466998175423184
0.5618480728264729
0.5775610973706323
0.597010527430196
0.3651809302487349
0.48484208866749107
0.3326287605087179
0.6490012030207737
0.46328448954876916
0.5685039654195492
0.526358561425657
0.5403085065703552
0.35026007078427623
0.36363590826240216
0.46671735752845306
0.439119878541704
0.4565853555976694
0.4141288044865046
0.6367321042780172
0.45539430159285926
0.5192521760716226
0.4572642360540557
0.479767233988901
0.6211342421319732
0.6521141517964923
0.4869679337817733
0.4526029455904704
0.5219791092150504
0.5593472405441026
0.35026007078427623
0.35026007078427623
0.3763506783115075
0.36566938016509
0.3790050304125591
0.4174665238161148
0.36251160149893635
0.4008303833498973
0.3834837610722898
0.3379185483742873
0.45617644997630546
0.326906476752566
0.5371331463876726
0.44611740572953973
0.43884151072002103
0.39919439796895273
0.4102218812864607
0.48698016340885847
0.5564112889479107
0.3998526551030901
0.5187706444400875
0.41982610296328393
0.45335133430479185
0.4923151930384642
0.41362256672546605
0.5324214464168301
0.32763942790015954
0.5480401203354835
0.4946025848786724
0.622849119106528
0.46589095112398626
0.4454533067583307
0.5034961925592856
0.4062583974958125
0.5078488612746265
0.549664723804278
0.45409375902745214
0.4723623109764061
0.45732079216148436
0.43295064761754004
0.43785428123665715
0.6300318977724522
0.5662393029869799
0.4583291329154992
0.43345809111823214
0.4969353179948128
0.45778929562342435
0.46351430351808287
0.47106448663654543
0.4607926478301612
0.46535019259553867
0.4494146544231852
0.5024132289098876
0.3994083728081329
0.5116062742573125
0.5574915365888982
0.4633189850575098
0.4643735131273021
0.5833016526515754
0.5327165233926932
0.560340155874364
0.5535997125872055
0.4437817349306726
0.5307466846802925
0.6340241960133104
0.5394099988719627
0.4133474657991976
0.41376614755663466
0.4357882773647577
0.41008286642262304
0.4298556849121782
0.37984437364563217
0.43183109156099875
0.3922845960756665
0.5362400238757002
0.4355063954870691
0.5994234749200856
0.38805740233691005
0.47883388645422903
0.39766919729471345
0.4160969367887751
0.29145076721484353
0.39889230547928667
0.41974148985967225
0.4556470485181483
0.355349125403535
0.5694521084552279
0.37538113862286426
0.42910808797618155
0.3844369562201577
0.393843886902276
0.507313167625649
0.48174047611942544
0.4093288243279563
0.38269859174183724
0.3265484357869611
0.317500944796844
0.3315540425035695
0.34910375759471807
0.5366072469675289
0.4296608961235511
0.47456872305077696
0.4125766646789834
0.6059562107587201
0.5654912062874093
0.48503407943003407
0.43806498228188134
0.5958240262168657
0.5303980027256971
0.5111007657267116
0.452985649966054
0.613490563705431
0.46390151319509515
0.5884588127664527
0.7598238120894807
0.5409939356102955
0.4548724012296572
0.5619687017252994
0.5486608664771464
0.7319225589378131
0.5841224582069471
0.38226901436789146
0.3571311677480553
0.6871709309773092
0.3829410944621789
0.5388721823652209
0.5310723825872026
0.44056124608600084
0.42354538630093536
0.43208097571098264
0.40145645613200764
0.4445306157105653
0.4685897244291826
0.4603070289387798
0.49025385013212563
0.6025893473338587
0.5488148088041029
0.5130952936654938
0.6060652504773196
0.4200927460192615
0.37496045476753637
0.6508801437010573
0.533803199503309
0.5172509068526687
0.46774469334783436
0.4862417418425863
0.39945967545279726
0.4388003384615222
0.4249924320768426
0.45972732155943546
0.5291315887357724
0.5847983444700512
0.5737310562714282
0.47961621813644306
0.4531291083712835
0.5318200148918655
0.620291747071567
0.4670685501953117
0.4285588664725362
0.5750856368186673
0.3984080426810401
0.39897363426755966
0.540799621913165
0.5223196335342613
0.4165261038498672
0.4750941592048873
0.4423204538165116
0.44764924512019844
0.46274672653775384
0.4511410427107632
0.35553628510694474
0.4473381365917688
0.34101294860157866
0.5911546786385664
0.4833245652069843
0.4586554919519408
0.4103310467128578
0.4254386232348696
0.4967408418517822
0.49778373991380226
0.3595634928034412
0.44929813105334765
0.466664342163622
0.40354117743290263
0.38894481445863816
0.47141187309850685
0.4886895338311774
0.44231014274378083
0.4632840929992167
0.5750288582016699
0.39406728023175464
0.5347157259333698
0.3465062286418134
0.3776224293834749
0.5037051244953409
0.38465430684690505
0.46491305042342496
0.5688744137124155
0.4435542530954219
0.511127108921081
0.5240392181816728
0.571932994946159
0.4490991593437939
0.3369309131169537
0.39453124242474097
0.45213461062323274
0.4430852487877681
0.5558885692518256
0.49192006121700316
0.4467108913082082
0.39454568011580415
0.5294689549663809
0.3288151810280767
0.3525607986133773
0.4948817936366567
0.3683762492834301
0.42981836531778816
0.4900515958900833
0.3621517912423836
0.40623418530979843
0.6136345317469459
0.4917779965519602
0.467171895179181
0.5114618831969182
0.40422707610066844
0.4570643107555852
0.5662325987265101
0.48135993903250013
0.4599054350104293
0.4162046084585942
0.5452405438916599
0.4780086112652219
0.4501853149982462
0.37994551698076673
0.4410570430645099
0.4466272761273757
0.4527191056538374
0.5463295816538174
0.5314234203636614
0.4721840658930179
0.6668535247370104
0.4007001821016626
0.46541047077800596
0.4066641449016802
0.7487263216082062
0.44002316884765036
0.4977353735469023
0.4802149528305893
0.35287261304695056
0.5849753918821077
0.44693061132721107
0.5756764957504755
0.5279053443268822
0.5315001412585678
0.388877816859968
0.5352568415985096
0.4299478327193479
0.6328879250942224
